33521009779586
90014067441757
46716437523474
39036404588715
81039205684604
81758222974
38517171036184
4243204721744
4824331352734
79212433154557
58259531097584
62014177489990
43441758689406
91731199972079
55583213483551
71033380683897
15723957499241
92897850395351
31559576473436
3758378730778
38125257925266
5604778359688
66672350644569
18977037324206
70454167446466
74529046182107
6952795253871
86403464601674
87827627339657
62457555857480
20362874410711
34263316873383
86819436470903
41006562851179
66820086292451
34356671726698
37383161290882
64719459799630
62320240528664
71774731850589
73937318060427
27909309203751
64291586071349
63267690137330
40814646011619
90471620610393
78137477801999
6073331485732
34879396336947
96933762956434
93492840984127
91177312933710
35289227579561
42133958145828
41218151647519
48155123403073
96148699096113
65695030818849
73642501097892
18168483292345
96572057941367
34100615005735
29175144588369
92436657708583
61822984185075
77278662143893
57211436742709
39533589405648
56326804966250
82642219537807
90390947277461
49801790829072
17102104085478
8160702375063
35051356865666
62317363865105
64878451552215
64940989233529
71041340466576
60283353750370
30345590394233
68703254518095
53840263916305
55137035530309
61758466854332
31023274408041
39285887699981
7617909954613
21755475967595
3341999830513
90649344922113
40980704236511
91403581727344
70539505189017
34166546115121
78424818433414
65125460397214
55348647073463
55597240809224
28630684595774
92673202172333
38817829903998
36840483436311
70073329632317
65917377820139
88958966639667
28333721468465
70775915849993
99306877448295
48961316610933
74976768343628
87882910065313
86162347258664
44288225087371
17783936951197
23530785357687
95687417267994
49741055547014
56534415026672
84695208444483
98484949766287
19106626170685
14616780871185
12401910058360
45098997626009
95947937226395
83986133279653
93538165102473
58199731367645
49717422654293
51160080776195
94819774891056
81135444992428
25734873205925
21564295522465
27873793637316
35767005839037
29471470267744
95694067941699
27579772883369
81573448199085
18421688618613
54117172818243
77767310022708
48116403066655
17350999274895
70908361099503
31730179972417
80853552068365
86127925039682
14155272453863
63659606370097
16051371267786
14053781088715
30129149303008
46876879715103
32783794275788
62524726747992
46454178648388
8630600432413
26982273017708
50216355336305
3851641002841
58020578844045
16646567834441
40898931842966
41567808763262
10320878344379
14788021762501
72467919499551
94375162636882
24310451662103
53312394711911
12723250323706
79708316165
37424616030734
65596902306848
44310728758148
84308362962977
55708723789564
9360526040060
92942386344197
61814505375934
98275390888941
52738568543582
7736934877712
8659013964850
27821134300975
93295722400930
80866315343743
28115640781095
36531833950093
81950186703698
57340395968746
99384516584909
75079782997340
11555622030305
58475975963890
47146141163408
64748363037256
29505177788640
79640538304883
26526585421195
73073148596215
52243062118461
10368011104454
57254544572973
84705104332698
66910726330055
43044026588504
161788562603
18486673040684
53042368689082
77396251788762
97488227790712
5406324151605
8796981881717
18398970849066
34391993510132
6585633981525
27459653083458
24459876993652
31707656128415
17096900598248
75262420434134
59253539106698
37344548972912
79839876270352
8587755305723
15723421530309
26302750931803
67347800638252
49945936389070
69817767133640
71169269082816
31327347158443
68465032241382
70295676096500
76024973089791
58477958330705
6085473065235
99720300338226
87716657913634
69364364767214
6293114715770
32407679526204
17616747165228
40270731965795
35495640494873
98146367226469
70479679203392
93360728943544
61701066520818
90286966854799
59456819790110
17307561677874
80359971338245
43049260052957
26121947614934
91374006032038
68973016012446
5003768940052
5383748167898
41811566577297
34520618033156
78346435089892
18431033952905
37256081795963
65630375069444
98742336491706
44578306505108
95423031452269
40893789093067
58350632461981
16788255957819
65722453235651
42546587917103
89492560085912
64746772311480
62678018529672
38860046293843
46251511238182
699149138104
27053171276334
95598146203845
46031215876055
10609524983682
92870774394499
86918788114992
1449152552980
79714425105950
43259509912107
40228711465068
53935439349226
96747786961821
7452915996648
90134868221000
56469130993663
79460491980286
25557872955163
39121499366102
68838803426323
24052395605003
89307002486574
62234869188817
20924932196012
92292848416237
74997970071666
7524326126546
62694445205877
25290988922285
87898180115449
12505294508604
86387615822002
31433560215996
45526493988638
906626626886
11875281936419
74342704505271
20262538510092
67850114782926
53339884539899
70957143851091
29380495939943
34133529096384
24691894420006
54903694373658
67846884277910
11580558508777
98015799924943
32493961339546
24694901571607
46756541515943
73397392844162
54033902520943
95615609770485
17025722776604
37847683338279
86775928408638
48172862429132
86982485336474
84520007185877
75892713101464
69247754936397
11789295079952
4442619007232
58534264704296
60291187049601
59274893893805
89085794970369
76281381543017
59247179648636
50403348058510
70132586268670
45326381364646
85327635862783
83084545614735
44780596708498
13744404357721
98416545548443
52332700291911
77996001975593
99097490869323
9447694504631
80675203671751
30409248972791
86108004943100
84958119426681
86428842126861
53636581322757
83967025311302
25148586914572
67442179501544
20646619328629
80731989730562
17174235607356
10413930682593
32482802206230
23224640955779
73669287894256
64846750686154
57198208940012
71772797093598
272703999198
73792868817758
52588343849807
14847686910189
6798256357633
1856373117643
98901976567454
11053098865131
50511042621991
70200746076747
35186378810080
1840465265025
17507308580706
27098231732075
7307487069885
55751064180232
96387729028819
848060932620
27032241108283
60360506881439
19512959290881
90661426652473
66933543557132
9626734557126
2905389304458
28002733021396
9343088318428
19961858698366
60646424018080
63225661448093
50150877869091
82548459568564
81307756148930
62299246652303
88109880123767
86076165859773
41923080897631
69238654334101
73415415752534
54911819627698
24356129592662
91356396907025
18399902948888
19923611103268
7745299758540
99408479956105
52365386272031
98681448089828
4834999764582
95722681299205
41770070768092
47787930594581
87733803545823
75559452048355
97832182388624
691209138308
91418631583318
19430609526555
40246937740971
63775243907127
85585062860146
88435832413366
99648548566651
97159120029477
17405897248291
14965203322631
92780183969494
1451462248216
87835427697736
99829339347784
99822051933795
1491383364632
68567354455351
17992357160646
5451488345579
28467006991062
31689052045687
28434398503667
54153855615305
16947601959315
24224191369267
76726931509000
89969694212785
94418685881133
79204934134576
51584095301105
73470981029029
84872861415646
93088387932753
71538194515455
83241410466999
79716513897248
66185176499299
40950095573377
8236454267936
62231511148437
38123585059607
16579937796594
8918352196128
50285706503128
51738665258483
92449506300384
77224019807733
46573678621550
7929578028952
14525011566389
2395866585615
52041089224252
61428864004044
52269353717644
34986941326614
56613562084548
4513984106645
31418436039203
44290285415858
43689864509870
53387925767701
36876022081550
31738774451195
45290265300655
40913830683912
2970673263701
93142717822436
56788776291127
34471906641040
75497992138562
24485546041016
24484646124599
1082838884330
68477994070283
29894784474730
59954539830564
10004694825353
33124403988809
63706291745367
26218617123479
90270763648504
54605120900198
53197328089623
4764892016048
26199534553317
14280394827563
52299151389425
83384255183345
19116953054693
96403158655686
66105719962820
37031421220270
95154317352221
99351660269409
37986188482121
45810119573255
49451239070857
26883642726436
7367489165960
88532363930695
24633629882146
60661125080470
14903932117136
88310219684457
75046191977306
88635287276977
34046972433735
31323165104986
82357250225538
4939283026904
43298505122900
93027104429249
67491991206251
57059657729699
69319926836442
74023143112639
6970619438145
31444895869373
74097604008631
9654016599249
96473320378821
60527472677215
86424487340348
88694399194376
5946981443163
59150140086582
5933580046761
95601859150422
63069344673531
97100482885764
67778328151976
56059423625768
84228167483614
12003596665740
82890154927902
75406418663520
73189525394671
51073954234904
25757713036485
67683128901207
29229646169258
80974149368195
66824588327690
46150135089552
2311779614831
83379508686767
10151000737014
60899557795938
76927413180444
7216494381327
21341438458004
50162551141723
87282501441106
53150921269430
4292065091493
17050232775106
48962809596225
32112779747156
90579729102051
61175741593883
24010017631643
98023754835156
31517649697398
60428491833308
93563951000344
42301456091017
51119235655115
16727119308828
26912767146131
69328687846868
36388409606300
9529312523859
6819963685966
49165448830144
81158045361864
84669407756506
75047824583946
31808859844823
37697672467557
85481415208297
1475428545044
77645013917986
55395464927711
86338951362002
53100229278115
25583225746308
52559370391019
3175073793558
67944167675717
17498140953547
859984851900
7609475006147
17762808240656
36991286654472
32064813212806
83711873031020
55812562606524
65510602479382
37312406868761
65399155354502
53043299794272
44833028084990
33712216279870
71312573151686
75394569513383
58032218064493
91116801120857
83125435473567
24778490347464
80024592858938
56966461010124
86908712223410
94063769056487
28073303756633
64602034944316
68982735726851
43537682113011
79543285071455
74645076763495
24460673765583
227985153314
65322009890958
36865691691429
81184990916427
64672022926104
64059208221672
7418696609497
98867457879380
18837178802298
79619665231594
33348006028274
75285858372204
73149420668175
8430615679360
32925729471301
78934014107158
52384104073821
7711742748027
47101860030595
54277225464461
44317765262945
79002378410432
80598657140470
45349738904243
53638380423316
66722276629124
79049696792991
32538527572833
21250576892979
74040058431385
74869998560122
91044910274308
13468133565339
12168730184889
61901340052425
50959019921991
45286427019821
85516537055940
31177633081959
9738448086045
59631203953160
38167719855357
24381692049255
31460143342420
77778475471531
13230310342961
74868293023294
24526069419250
59873972632694
92856085118379
4566444735016
48128381231265
5550776390033
30923583461840
85776166620829
92063177309377
27673630779933
32589432701518
78452546477001
4631263545908
24030219967416
19867901230459
6463811162534
86229940141392
9693587812263
99440750701418
97090838682838
20270190120565
11073903484941
27551612652873
8476201541443
2877839796719
16988845605233
79588094121046
49175537354945
12077266558336
56205975868885
75542557634835
1282139218261
49825114881809
99229584361961
7843594963656
73194932596776
90899095510961
23866137318557
59326002248005
61918326792975
3889208486411
10244588105822
29247927005228
99574464012259
97624740232739
81481489042071
14589242830154
17870148589490
54265423392112
7884130002043
64228498523648
62106152998708
29625145653590
50164530490791
27772773158688
14393117263662
58028516092444
97861319650075
20945584213683
2789394456100
20586919402095
67967079838890
18729457917143
29933431847768
34178432487616
38961419640692
23688415921682
20585158585641
36202582521578
83037892087198
42469093640914
68864815751267
97133567006012
80506120125154
38509706734
29097478457779
61435227613221
32639674319318
89450711179971
9295535493026
9385581854191
32703522174878
25390532718621
72212922808867
3721649732227
5699984426875
85284192229228
1054100154339
35561721190851
82955701290767
31147558325988
95674334646420
62693702274641
93458080997401
27900695466721
88741138865695
59224539894715
16765551683488
44725583095568
46435313722427
48299235302082
26660765520951
86185080510496
72434540711106
12141402975402
36536074518960
53504827095516
44492933766748
23280232605010
80527711541586
81392350595753
17217152739522
15153131301663
42296999557318
81063275924401
16327914081698
83421170922482
48791419032481
8395525169375
94773092447514
77936139787502
35840065482230
56187647212135
51722217734233
47392019939378
20526112341799
78593402638986
52888388814731
78405751744253
90099592454347
7743238515387
63631762722748
71775874310569
64720770835403
29333597052974
98467241615957
33678789507465
80778079867508
49293495738886
23451184794860
55656567792749
4996420717245
71367695591997
9808153271265
88400417512507
86536319564731
98665362179536
47332582138869
31853131911020
23473308877670
42528653112298
44330629944429
72027672449169
62462268664951
91759695042955
48751263118341
22718377421268
55037657387675
42162577292311
443017520486
45572853409703
89468245441979
61155913230350
1631153470997
60465382597673
42985138294417
37529546604072
62572153983365
14141774919635
70172328332858
47365789459494
88251489731644
52661495615277
39534964231348
799337731146
18614207265407
37427003085815
7197976611022
84831167358614
39868387786513
69938767758006
90906708349908
74432346113066
34541448365094
59318814830436
62289237053064
24339572673285
99000787315397
82602715283562
79673452530053
1440697953055
25680395126523
70931329868208
11569760738465
86672278367132
1688474605286
38206290448064
50969340239185
25946772404700
75720187436992
89296742510982
65312214087488
84076477162324
96086218910112
6537170487577
20108675744526
92943222234001
93772195137278
66946331741073
17918236450301
45247663058309
522534744678
40128276397501
51969985171134
20789903190613
19660931798092
50909069359754
35739752602835
583124379956
68311163435298
69633171944220
74564542148051
73605523851803
97409897764020
13271713986250
89475652675389
65707106553118
67393254423552
12462764185865
78431404050315
34300506843047
40232376370939
26213028125389
63744690455850
4985518706493
36224543760056
94979877897218
66368068954157
43574740168056
65178202830726
54029164389939
10507611508010
24191439857838
54314412657933
51919664035607
70720461378934
51398967369072
25792408007730
350815869866
27861249983522
85198357666207
46044308860842
22772517667448
25140231606099
80521838981659
94989090436969
50280962201879
35960469137854
93996247452026
69352974192818
94565918093919
6147738032468
50483914588072
70689362215333
50715753252164
25919120166500
93759115255267
81454243719446
27006391472823
26441065656351
33801342395700
64271249554173
57076035499028
59871524714887
9958076414618
32184302603525
95658685065900
23460680964315
14234475750088
50036434895175
92103949904218
11022432553077
69532961241550
98057496054504
78952733132321
68119333250190
30755442135385
10125936318649
75328123217125
35450970586301
26289820559207
24948648091873
5501931698050
54051538932391
