95682727880502
37967778342046
19171538233938
95317992672413
53571234151985
70045371825253
11838412574122
70668824986493
61311850031395
85689871569749
59367809219406
35450184973288
43072771200858
71371740168545
10899397927195
47063729627100
93810060047905
81489919154620
49191934278213
45806763623651
71051617163242
36046804172064
14163444593357
9761699648427
52840868831613
4516397380785
65485533780729
43221884774328
46485784985353
4231699323978
70819439886413
69489610151460
69444485311033
50953484706556
64805752087649
59352836345051
48690908219015
81951985939322
74232969692123
86699200168768
28372417429897
84703850379769
94920423191760
9530313507717
10594353881329
71616966238289
25337934195400
24067075425014
68212580664167
66338844445403
27063223278733
96375710718611
22382790244489
84016630292532
52416357893427
94846430487364
95532687712476
44540327629711
729489030202
70494925034703
19907512678765
75639156629771
91300282005948
51887653683795
8459955288651
21909817146437
89204202898198
64421159917880
5639282792362
26894244250592
77076929782391
76441238217151
37379486301885
80843696355728
79892443122116
59543906130323
28218031886699
49426717198721
95927088811666
64062850691917
1401950998281
18131452774791
72550128895273
46661924833723
48146770942331
94596378482862
43429150016496
3839656877486
84834149535143
93832619120889
47004771075047
45116584896172
29605932428937
66211409464532
45281196613587
79000517946004
17587421235969
48457890342267
81517032854920
30572951737792
38440930985356
13914702031041
48376006086481
13224985248072
31104395004800
10865176017499
16074097468408
47229072704609
10320454155255
35903842786524
28782263226355
19506751026521
23367653636839
86105205516266
97046469382752
65245174997848
47235522536962
41374308910090
48949418109754
82798207059510
41228028113433
89415985630894
50557485554794
77247417727841
75792950806335
15742977584726
56138023347656
69690049840191
82479270450920
8616230849169
53167618436199
94756116267282
31129603426434
41934519367213
53739430808931
68949776040838
91239244445659
5181987026775
43152323641717
34116808908649
79235187943503
1296419756738
83384310444289
99225469380881
46354443687311
33591506394175
33753511673314
17220906112505
84531233183874
53010957515531
77933821866191
53620947029221
79050110794949
31071540863046
99150948136104
7232692210475
44382119606410
60856586061523
4694880721504
83284379395948
15978545995678
70720774937392
25441775044269
61325773868720
4419886675708
70447440051676
3111218213738
91578696673393
1396064272437
91006024054762
18604840282571
35794859378519
4486482182955
99111691438638
406136089102
34205719215702
27976900928754
81258546705712
9018494628663
9096228431453
34383363200667
89081729486250
62809170032274
97192282561180
78322553035589
36154442656993
92436695777108
23698814859046
43519306287681
81374891814180
79606577042856
1998790997652
50787901841963
39947935877995
64891841378418
9390678940337
83295481407205
33620269818895
78950597392194
56646768499043
30192547905435
19098944897378
28161703400487
70310795449820
84147604599784
21170454312680
37581699463783
63967913096712
75748337595375
33826149530487
34582274310643
2235095468549
71705184428334
55108205372440
53423894014575
26405088972643
79640243017624
85840504267038
35133521379835
49880655573306
71017408488645
33186280680243
65167172819176
50456543148814
39020602809268
2132520113657
13240584483299
19944231613889
12998551249236
52551033159048
68507913568624
80763635870073
73751061435018
15872083746569
22264107178693
88280653958574
30070241781907
81707346501262
36465018033154
96973968216467
65858801556366
76205126711217
70561615908986
71396564404336
8341617263693
83847357216073
16209453490326
77722665074384
67736312607298
88654924243334
6481789599571
27748921331279
32369365733874
70154871891657
71291836055762
17501017789062
55987188335836
91502982069135
68158609452690
85382429649624
43575593976875
98063992005706
61630158230372
9733356804298
6816098687018
72151051884578
42193001824152
70101829031005
91677643911882
28490530500529
40818473375722
25745177136899
41741103624672
71575886496963
31895733686430
9433929690351
31249700351028
41390086300845
9093148088757
27910974412479
80134704572075
48385535709750
76730323807273
82129382877269
70152601692776
32003556268276
7100619317739
72055519753099
51384016568714
15693131225846
72221852670459
86847843926128
78622266725111
30177698873641
21451728577778
8968628931823
67578404687484
73905532870838
80758670164921
87514664007843
92607705535842
9875445326204
97564246413808
55357146306874
66218918663851
58131783760360
9054365426425
36966687584706
379922708504
43445873446064
89571654651217
77379614276384
48145034843834
31936338143613
8064552220874
91062726176842
1321419333873
97370375605240
64878877618951
63967715198136
27740105335060
27361396151038
64878845927182
71785620877213
71833864904550
35164457302458
76995439669347
98001196824727
23830768473905
73983073811881
30282702749573
77519374828244
35205813088702
71212395489027
57972283851302
83378509523477
66769691188780
54205122782640
15561793881854
25669130550593
81677984220326
63871706512679
89362465076426
54683188230708
61354374504415
61885099025702
12213724186772
86071858474369
87571866024637
9495585030030
56531090334122
15715476412203
54661270824321
5987131075910
19496245835400
72548475143612
63869902139231
29484293747270
30217080716579
52582188198663
61551919875846
47185279213491
33112503934642
38944852861852
60036588735438
32126484948500
84886885533161
49396572942470
35110746551379
37713427942730
90625813936354
88743161189599
6787731163154
75998157048649
99767095313143
6437880461649
11178110241576
27710091026831
6527719077153
18644281691941
13075577443218
35698498408014
76194111951242
85229888399433
70749656646526
48801851484145
61241807992787
87051193182193
59482460053664
56938902338430
11287655186529
5610524860899
92378011349653
34667623170052
17815406808694
96774443768664
94797818200989
82032797347609
87447941518413
20697995071604
71220955770538
92085570944947
61471123471586
89635408662294
52280736217310
22633553122275
66718813891416
7089619891351
12275437544316
71171642789348
28490536144480
71040234164340
343986848942
4343452272568
7769935150628
29197598566345
6023792636785
75801626551119
70660686234161
68840802573075
87918790135386
48723291354960
33167565515668
67153024251120
16458990661706
18227990110087
9177304173758
37753680270879
39397968827140
26178172438290
85910755985773
83337763327476
32767774733240
39533179496917
28030117503844
17587592784831
51904284762086
6606014703056
90914545416018
2853868352816
46548816514711
5718332592716
18714207611626
55567918759016
61294268666449
13694685289351
15024459817315
55154019922700
94235631949732
88972812919210
27561200209938
54613855004286
47814848581329
44433169556219
58536253157842
15976029952996
99620360585709
65318847491667
16838917081039
84412681063605
3206638269712
9303559367715
61644418606660
69688087792441
89696682996323
63828928746338
46914779817928
86869875477320
60117876437163
5586474071647
66546595875821
70742389592468
97489374214034
71652440203576
15012049956368
1583525887513
96247807535673
14738798064212
7808789650087
88153801581777
70311889504269
53991339699243
48958458420437
14728882945529
54473013833513
39895359799032
4511700439674
43272198610432
69649145964612
6665113464532
92385052857157
40801267581229
39913024899781
52472520573170
78084804289393
52888710956041
58756705122281
28169993489964
68590291626606
90099949810881
70586031420310
83732831189645
47331038937849
93672455846561
8502902112042
83374214745663
50497385965725
64833811740197
28523345971677
28016383174184
12435136855558
7917635903698
58217035879305
8991269107220
69111577768790
54308838974591
60581871604188
37661234814490
54474322441286
8408706990341
36597841995873
65698551995545
17083874637462
46536390599599
17426043202858
17632553353203
45065810485737
5368956439805
87868360348113
61256829897000
71010934049062
93436320099071
60682235206106
64549352508991
62212827351337
82555083509694
21140724577684
87536211176709
67357711621597
49493596773940
4323037791193
59778946674701
636511747414
70811171674522
17787946736644
85145983429510
47379552192881
67775598336630
7313451574476
72311492045215
46686329053670
57566721600992
81169503758520
83952378614658
29955290188125
82156645399939
63512619568503
5130341322738
4131749957298
28278708469207
53218749238778
48143599108677
17861401685936
82606017288437
36335315313798
75184574741294
49552375791230
28559308944374
30309357748369
60370310321646
12351134299937
37475874568305
38309515505918
11071313682235
87408189695415
78190302162503
44564882373424
47948803374378
29093931829397
22161447592075
86911421849030
69198786826441
47149896957829
57227009450532
62733051764278
11835649141915
90425961650676
88984344373153
18236408239721
96462539947453
48448515746305
55275590121928
48556038480304
19253068430526
14317607175040
25583221536264
86254831588254
9290982460989
58645186985861
66670684450602
53927526093606
93765371121015
57576738879904
87246203508541
81570064622754
25326706299113
92569373105916
94146203983222
64531776696479
64081591108439
74424983394479
60784179743753
72815896764350
78675296601842
89093254016683
70453974517075
35274676064186
50493000057801
61203794382272
160019731414
76596328675688
44392395512420
21954424862404
43485314743145
44720732616516
84936070441579
70531347183889
85332771508757
14567060612559
40294842997608
29797586259645
59095270237450
59653802672262
49942060482154
48201394430140
69701223285224
22263666467287
31984686421723
35890368376996
92237558951613
60431449596738
37802440194628
59623238630677
96802659515860
16416515096540
10889379693062
10582174820029
6685242403576
34248963896685
94862130057486
17548771040430
37654602154019
94937482602633
21959234776048
55665384624511
69089378477955
63899388066724
3032474255856
53021388039214
25680748996633
45426196003226
38947017552327
54352654008365
43755569283764
25069173726397
13432215183631
9462834448500
44619157172016
75481426289523
38888932783500
35533349232623
66171288071254
39103937606960
1061278304094
90962016148114
26976551223064
50186743847889
23000758818052
84235065545120
69097730266851
26630862038709
16384368651390
12075309180197
90305628576735
36220001816338
47924379744491
58590877430589
68109309159786
91492190569099
2193014036408
57280494159301
53099689804912
30053467851990
64606313194593
9349904700294
22525160482452
99512512249148
1032287481832
72879934657337
28239427703356
43580875478819
28323711716921
66991612321594
27904003427478
38675617189866
8061092633202
31119588337803
54896139225480
56579412199107
75941430822958
26518117281667
69330139110970
43000640191175
46669910561576
79396189258690
53056224545135
56994282422899
92774518923597
10763766028690
62423410318201
72490188021076
17881523544393
22581957247253
30916351619927
4805977834384
20420179524515
59808091497931
71756193975951
63544527624132
40608229856809
33833904596050
2048464543431
50331268020673
2522120377067
51034636600350
25478733117614
14084228813655
90200270430901
84749608988064
71164590048798
52646255412733
92206728618440
9741752941053
54423572258946
78535505315882
62504033545283
97534420229607
44700865683697
82175135084839
64330062656688
62152028463975
61858381237778
66986024238337
20897482733024
69558093681845
75183787205182
14014892332958
795562607310
21409592705426
97507191315914
92235827673842
54914831516684
67143310609489
66248026510405
43713656583286
76370474921114
2404159516747
30768291247558
69863934557277
87164123792220
8480509197925
70877926751995
29749641201321
47212879590742
96968013678611
13234455965563
65687633083751
78324415036655
45069519885010
90426090300751
5505656521952
86411485895983
48104761950756
84322335811850
13989452188647
35256833530012
52050396833000
59788697329482
58135772306040
67298748880464
40805107043689
6570261812980
48809859140914
93358490220880
4282613161154
41117187902125
57944522678251
7309715459634
86401320388245
12432475843338
50194150037535
31530591769905
67473204805299
99835853104096
78287183848879
51201889309414
24459210680670
18991163845161
66116481629545
47619871113768
17016643682095
95705241054536
13539687741209
74746811479910
42773689862792
65869104901683
19422456803878
43459633251459
87788171763951
58155231661030
15592317917606
31478393526218
60943779072850
21622485460580
95129718472748
11889279603366
43117642188703
71424917471582
86231549912853
48494455933343
85188253388989
76365624138330
26022263198925
88638757717340
22371205961163
13295830035389
81855912965068
88482773053195
89942774749908
85154439149220
45913490367982
49612738691156
97485133457577
84462056485048
17095690615068
99765175416163
37836442762420
65411059010284
23424933650447
38682162187207
46270435769317
91461823915308
89496125775411
28251244680191
95514921722497
39243930233363
47118421503799
60270458160387
90476591731378
64969532438785
31952622592103
57053445544592
21199568320946
83365296879327
44097137764086
65652193283858
45834470587234
5285267898792
13938755749807
25457051938717
70756690763554
67126627045771
85269204123631
98869630035975
95801870416285
10285281639329
69470312722004
80557238263822
66381213347194
21353636124937
46398001781564
91919011553386
80199284238742
20396214990497
53909123645184
80889539976929
33166657217261
46410412711536
47150873351682
7188144064466
70929855294565
97377934287317
99122799054807
7321122405864
80967544585388
74629991499377
20965779650551
83740576260807
54226559229840
18561592890373
43668459015668
28486489369277
65084745005262
99784597817835
5172251836804
71391175347168
96665377239669
26889224668324
49614522336410
90275805669640
12257488504716
15855192279952
67909534373563
96612178356750
18629466521098
9825883702270
22684720030066
88933478563588
77854726989920
59254383768077
64805663584483
7184383902034
94207566014461
92674293570338
46786747528458
30883850067949
92513388684155
22495682704747
30131308384761
97274995400244
21495815306484
65558527311336
62816035667824
18150655258949
76401868507906
61865819766270
83698853662042
15601974540559
40195611150315
68767998828842
63283884597701
97163550700972
94360375627744
41635020894833
90232717925071
81828945865279
45279245578597
7523453188053
66405569069343
96954321956127
87857306645300
19561650012071
22590856674106
29051088364908
50663989289996
43493341332493
45447815976058
53716900380955
2186325494402
44392178570364
68910639883828
82091299467662
1153148511972
82246143086908
61766822206829
65180798477778
55171906545340
36694351232319
93604867938958
40935835894406
87345153960645
8018800772356
83780728797185
74942003023477
32668607197616
73030380257075
38490740793538
17090495201395
93194853211068
66684262032314
95585172686412
57331821606648
28306438301390
29809697880450
48750817146668
138940710545
21887385879296
21490239555465
54751262270469
37683819342956
18917409586594
93746976390666
56194274059678
32178582026288
39475987287381
53065013105072
45116569391283
47216596553199
64602837926481
2937122424871
